%%

% Example Eye Trace

x = [-0.0236
   -0.0298
   -0.0356
   -0.0406
   -0.0444
   -0.0467
   -0.0477
   -0.0477
   -0.0472
   -0.0466
   -0.0463
   -0.0464
   -0.0467
   -0.0472
   -0.0475
   -0.0474
   -0.0469
   -0.0460
   -0.0449
   -0.0439
   -0.0430
   -0.0423
   -0.0417
   -0.0411
   -0.0403
   -0.0394
   -0.0383
   -0.0372
   -0.0360
   -0.0350
   -0.0340
   -0.0331
   -0.0322
   -0.0311
   -0.0298
   -0.0281
   -0.0260
   -0.0235
   -0.0207
   -0.0178
   -0.0148
   -0.0120
   -0.0095
   -0.0073
   -0.0054
   -0.0037
   -0.0022
   -0.0010
   -0.0001
    0.0006
    0.0009
    0.0008
    0.0005
   -0.0001
   -0.0008
   -0.0016
   -0.0023
   -0.0030
   -0.0037
   -0.0044
   -0.0049
   -0.0054
   -0.0059
   -0.0062
   -0.0064
   -0.0065
   -0.0065
   -0.0064
   -0.0063
   -0.0062
   -0.0061
   -0.0060
   -0.0059
   -0.0059
   -0.0058
   -0.0057
   -0.0055
   -0.0052
   -0.0047
   -0.0040
   -0.0031
   -0.0021
   -0.0008
    0.0005
    0.0018
    0.0030
    0.0041
    0.0049
    0.0056
    0.0060
    0.0063
    0.0064
    0.0065
    0.0065
    0.0065
    0.0065
    0.0064
    0.0064
    0.0063
    0.0063
    0.0062
    0.0062
    0.0061
    0.0061
    0.0060
    0.0059
    0.0058
    0.0057
    0.0055
    0.0053
    0.0052
    0.0050
    0.0050
    0.0051
    0.0054
    0.0060
    0.0069
    0.0083
    0.0102
    0.0126
    0.0156
    0.0191
    0.0228
    0.0267
    0.0306
    0.0341
    0.0371
    0.0397
    0.0418
    0.0436
    0.0450
    0.0463
    0.0475
    0.0487
    0.0498
    0.0510
    0.0522
    0.0536
    0.0552
    0.0569
    0.0587
    0.0606
    0.0623
    0.0639
    0.0652
    0.0662
    0.0669
    0.0674
    0.0677
    0.0678
    0.0678
    0.0675
    0.0671
    0.0664
    0.0655
    0.0641
    0.0625
    0.0605
    0.0584
    0.0562
    0.0541
    0.0523
    0.0508
    0.0496
    0.0488
    0.0483
    0.0480
    0.0479
    0.0479
    0.0480
    0.0482
    0.0484
    0.0488
    0.0492
    0.0496
    0.0501
    0.0506
    0.0510
    0.0514
    0.0517
    0.0520
    0.0522
    0.0524
    0.0524
    0.0525
    0.0525
    0.0526
    0.0526
    0.0526
    0.0526
    0.0525
    0.0525
    0.0524
    0.0523
    0.0521
    0.0518
    0.0515
    0.0511
    0.0507
    0.0504
    0.0501
    0.0498
    0.0496
    0.0493
    0.0489
    0.0483
    0.0477
    0.0470
    0.0463
    0.0457
    0.0451
    0.0448
    0.0445
    0.0443
    0.0442
    0.0440
    0.0439
    0.0439
    0.0439
    0.0441
    0.0444
    0.0447
    0.0451
    0.0455
    0.0458
    0.0462
    0.0464
    0.0467
    0.0470
    0.0474
    0.0479
    0.0484
    0.0491
    0.0498
    0.0505
    0.0512
    0.0516
    0.0519
    0.0518
    0.0513
    0.0502
    0.0482
    0.0452
    0.0405
    0.0334
    0.0230
    0.0080
   -0.0132
   -0.0422
   -0.0808
   -0.1310
   -0.1942
   -0.2718
   -0.3641
   -0.4710
   -0.5912
   -0.7227
   -0.8628
   -1.0077
   -1.1536
   -1.2963
   -1.4317
   -1.5561
   -1.6666
   -1.7614
   -1.8397
   -1.9017
   -1.9488
   -1.9829
   -2.0061
   -2.0206
   -2.0282
   -2.0304
   -2.0282
   -2.0222
   -2.0132
   -2.0017
   -1.9884
   -1.9742
   -1.9603
   -1.9475
   -1.9366
   -1.9281
   -1.9222
   -1.9186
   -1.9174
   -1.9182
   -1.9209
   -1.9255
   -1.9318
   -1.9397
   -1.9489
   -1.9590
   -1.9697
   -1.9807
   -1.9918
   -2.0029
   -2.0139
   -2.0249
   -2.0360
   -2.0472
   -2.0583
   -2.0694
   -2.0803
   -2.0909
   -2.1010
   -2.1105
   -2.1195
   -2.1279
   -2.1359
   -2.1437
   -2.1514
   -2.1592
   -2.1672
   -2.1754
   -2.1836
   -2.1919
   -2.2000
   -2.2079
   -2.2153
   -2.2221
   -2.2284
   -2.2341
   -2.2392
   -2.2439
   -2.2482
   -2.2524
   -2.2567
   -2.2611
   -2.2658
   -2.2709
   -2.2764
   -2.2823
   -2.2885
   -2.2949
   -2.3014
   -2.3080
   -2.3144
   -2.3208
   -2.3270
   -2.3329
   -2.3386
   -2.3440
   -2.3490
   -2.3536
   -2.3578
   -2.3615
   -2.3649
   -2.3678
   -2.3704
   -2.3728
   -2.3749
   -2.3768
   -2.3786
   -2.3802
   -2.3816
   -2.3828
   -2.3839
   -2.3847
   -2.3855
   -2.3862
   -2.3868
   -2.3875
   -2.3881
   -2.3889
   -2.3897
   -2.3905
   -2.3915
   -2.3925
   -2.3936
   -2.3948
   -2.3961
   -2.3977
   -2.3996
   -2.4019
   -2.4046
   -2.4078
   -2.4114
   -2.4153
   -2.4197
   -2.4243
   -2.4291
   -2.4341
   -2.4392
   -2.4446
   -2.4500
   -2.4556
   -2.4612
   -2.4668
   -2.4722
   -2.4772
   -2.4816
   -2.4853
   -2.4883
   -2.4906
   -2.4923
   -2.4935
   -2.4944
   -2.4949
   -2.4952
   -2.4954
   -2.4955
   -2.4956
   -2.4956
   -2.4956
   -2.4957
   -2.4959
   -2.4962
   -2.4967
   -2.4976
   -2.4989
   -2.5009
   -2.5035
   -2.5067
   -2.5106
   -2.5148
   -2.5192
   -2.5235
   -2.5275
   -2.5312
   -2.5344
   -2.5375
   -2.5404
   -2.5434
   -2.5467
   -2.5505
   -2.5547
   -2.5594
   -2.5644
   -2.5695
   -2.5746
   -2.5793
   -2.5836
   -2.5873
   -2.5904
   -2.5929
   -2.5949
   -2.5966
   -2.5982
   -2.5996
   -2.6012
   -2.6030
   -2.6053
   -2.6080
   -2.6112
   -2.6148
   -2.6186
   -2.6224
   -2.6260
   -2.6292
   -2.6320
   -2.6342
   -2.6358
   -2.6369
   -2.6376
   -2.6380
   -2.6382
   -2.6383
   -2.6383
   -2.6384
   -2.6386
   -2.6391
   -2.6398
   -2.6408
   -2.6421
   -2.6436
   -2.6453
   -2.6472
   -2.6492
   -2.6513
   -2.6534
   -2.6557
   -2.6580
   -2.6603
   -2.6626
   -2.6650
   -2.6673
   -2.6695
   -2.6715
   -2.6735
   -2.6753
   -2.6769
   -2.6784
   -2.6798
   -2.6811
   -2.6823
   -2.6834
   -2.6844
   -2.6854
   -2.6862
   -2.6869
   -2.6875
   -2.6878
   -2.6879
   -2.6879
   -2.6877
   -2.6873
   -2.6869
   -2.6865
   -2.6860
   -2.6854
   -2.6848
   -2.6840
   -2.6833
   -2.6824
   -2.6816
   -2.6808
   -2.6801
   -2.6794
   -2.6789
   -2.6784
   -2.6781
   -2.6779
   -2.6778
   -2.6777
   -2.6777
   -2.6778
   -2.6778
   -2.6777
   -2.6776
   -2.6775
   -2.6774
   -2.6773
   -2.6772
   -2.6773
   -2.6774
   -2.6776
   -2.6779
   -2.6782
   -2.6785
   -2.6787
   -2.6789
   -2.6790
   -2.6791
   -2.6791
   -2.6790
   -2.6789
   -2.6788
   -2.6786
   -2.6785
   -2.6783
   -2.6782
   -2.6782
   -2.6781
   -2.6780
   -2.6779
   -2.6776
   -2.6771
   -2.6763
   -2.6753
   -2.6740
   -2.6725
   -2.6707
   -2.6688
   -2.6670
   -2.6652
   -2.6636
   -2.6623
   -2.6613
   -2.6607
   -2.6604
   -2.6604
   -2.6605
   -2.6607
   -2.6608
   -2.6609
   -2.6610
   -2.6611
   -2.6611
   -2.6612
   -2.6613
   -2.6613
   -2.6612
   -2.6611
   -2.6608
   -2.6604
   -2.6599
   -2.6593
   -2.6585
   -2.6576
   -2.6564
   -2.6550
   -2.6533
   -2.6514
   -2.6491
   -2.6466
   -2.6441
   -2.6415
   -2.6391
   -2.6368
   -2.6349
   -2.6333
   -2.6322
   -2.6314
   -2.6311
   -2.6311
   -2.6315
   -2.6322
   -2.6333
   -2.6347
   -2.6364
   -2.6382
   -2.6401
   -2.6419
   -2.6435
   -2.6448
   -2.6460
   -2.6469
   -2.6478
   -2.6485
   -2.6492
   -2.6498
   -2.6506
   -2.6514
   -2.6524
   -2.6535
   -2.6547
   -2.6560
   -2.6574
   -2.6585
   -2.6595
   -2.6601
   -2.6603
   -2.6604
   -2.6604
   -2.6605
   -2.6609
   -2.6616
   -2.6626
   -2.6638
   -2.6650
   -2.6662
   -2.6672
   -2.6679
   -2.6685
   -2.6689
   -2.6692
   -2.6694
   -2.6695
   -2.6697
   -2.6700
   -2.6702
   -2.6706
   -2.6710
   -2.6714
   -2.6719
   -2.6724
   -2.6730
   -2.6734
   -2.6739
   -2.6743
   -2.6746
   -2.6748
   -2.6750
   -2.6752
   -2.6753
   -2.6753
   -2.6753
   -2.6751
   -2.6749
   -2.6744
   -2.6737
   -2.6726
   -2.6711
   -2.6691
   -2.6665
   -2.6636
   -2.6603
   -2.6569
   -2.6537
   -2.6508
   -2.6483
   -2.6464
   -2.6450
   -2.6441
   -2.6435
   -2.6431
   -2.6430
   -2.6429
   -2.6428
   -2.6428
   -2.6428
   -2.6428
   -2.6428
   -2.6427
   -2.6427
   -2.6426
   -2.6424
   -2.6422
   -2.6418
   -2.6412
   -2.6404
   -2.6395
   -2.6383
   -2.6370
   -2.6357
   -2.6345
   -2.6334
   -2.6325
   -2.6318
   -2.6311
   -2.6306
   -2.6300
   -2.6294
   -2.6286
   -2.6276
   -2.6265
   -2.6251
   -2.6237
   -2.6222
   -2.6207
   -2.6192
   -2.6179
   -2.6166
   -2.6153
   -2.6140
   -2.6124
   -2.6107
   -2.6086
   -2.6062
   -2.6036
   -2.6009
   -2.5983
   -2.5960
